0 0.689583 0.128906 0.620833 0.179688
0 0.691667 0.289453 0.616667 0.125000
0 0.694010 0.415039 0.611979 0.130078
0 0.693490 0.541992 0.613021 0.132422
0 0.694792 0.646680 0.610417 0.081641
0 0.697917 0.719922 0.604167 0.067969
0 0.696094 0.792188 0.607812 0.073438
0 0.697917 0.893750 0.604167 0.107813
0 0.190365 0.126758 0.379688 0.177734
0 0.192708 0.276562 0.384375 0.115625
0 0.194531 0.400781 0.388021 0.118750
0 0.195573 0.524805 0.390104 0.134766
0 0.196615 0.657617 0.392188 0.135547
0 0.196094 0.777539 0.391146 0.095703
0 0.199219 0.883789 0.397396 0.118359
