0 0.721561 0.037533 0.556878 0.074405
0 0.221561 0.032573 0.442460 0.064484
0 0.719081 0.155093 0.561177 0.161376
0 0.220569 0.163360 0.440476 0.135582
0 0.719081 0.299769 0.561839 0.145833
0 0.218585 0.291171 0.436508 0.145172
0 0.718089 0.427745 0.563823 0.127315
0 0.218254 0.420470 0.435847 0.129960
0 0.714782 0.543651 0.558532 0.121032
0 0.216601 0.537864 0.432540 0.120701
0 0.706184 0.655093 0.550595 0.101852
0 0.215774 0.646495 0.430886 0.104497
0 0.699405 0.762731 0.539021 0.117394
0 0.215774 0.755622 0.430886 0.119048
0 0.694114 0.878968 0.530423 0.128307
0 0.214616 0.876323 0.428571 0.126323
