0 0.667586 0.324142 0.441176 0.144199
0 0.666820 0.180760 0.450674 0.160539
0 0.350184 0.250408 0.170343 0.138889
0 0.215686 0.253881 0.090686 0.084559
0 0.221967 0.341912 0.090380 0.084967
0 0.227482 0.488766 0.087929 0.127042
0 0.138787 0.259395 0.053309 0.062908
0 0.146599 0.326389 0.053615 0.066993
0 0.153033 0.443423 0.050551 0.091912
0 0.666054 0.082312 0.452206 0.163807
0 0.344975 0.114788 0.172181 0.172386
0 0.210478 0.168709 0.089461 0.101307
0 0.137868 0.193832 0.052083 0.075572
0 0.092371 0.209150 0.034620 0.062092
0 0.093290 0.261642 0.033395 0.058415
0 0.096354 0.317606 0.032782 0.055147
0 0.104473 0.414624 0.035539 0.073529
0 0.099724 0.365196 0.033395 0.051471
0 0.060355 0.220997 0.025123 0.049837
0 0.062500 0.266544 0.023897 0.045343
0 0.065257 0.312500 0.020833 0.043301
0 0.067862 0.352533 0.022365 0.043301
0 0.071691 0.394404 0.023897 0.059232
0 0.037071 0.229779 0.018995 0.042075
0 0.038603 0.269404 0.015931 0.036356
0 0.043045 0.311275 0.019301 0.031863
0 0.044730 0.344158 0.016544 0.034722
0 0.047947 0.379902 0.018076 0.049020
0 0.019301 0.233252 0.014706 0.042484
0 0.021140 0.269608 0.016544 0.035131
0 0.025582 0.304534 0.014400 0.035539
0 0.026654 0.337623 0.012255 0.032271
0 0.029412 0.369281 0.014093 0.042484
