0 0.410131 0.248775 0.267157 0.091912
0 0.424428 0.338695 0.236111 0.086091
0 0.425858 0.428156 0.232435 0.093444
0 0.425041 0.505668 0.231618 0.084865
0 0.147672 0.278186 0.163807 0.085172
0 0.430351 0.589461 0.226716 0.116422
0 0.432598 0.672488 0.219771 0.102328
0 0.153799 0.360754 0.169526 0.083027
0 0.150327 0.397212 0.115196 0.041360
0 0.179126 0.707261 0.162990 0.117341
0 0.176879 0.622855 0.157680 0.098652
0 0.155842 0.450521 0.167075 0.097733
0 0.168709 0.538603 0.165033 0.097426
0 0.429739 0.758119 0.226307 0.135723
0 0.760621 0.830270 0.325163 0.164216
0 0.825163 0.219210 0.298203 0.123468
0 0.783292 0.326593 0.377859 0.114583
0 0.774510 0.438725 0.358660 0.112132
0 0.768791 0.481005 0.236928 0.036765
0 0.772876 0.535233 0.352124 0.114583
0 0.764706 0.631587 0.341503 0.136336
0 0.764093 0.730392 0.339461 0.142157
0 0.413194 0.418505 0.104167 0.083946
