0 0.545037 0.103350 0.321078 0.205882
0 0.793964 0.147876 0.176164 0.207516
0 0.935968 0.203636 0.109681 0.155637
0 0.189032 0.208333 0.377451 0.308824
0 0.534007 0.258170 0.314951 0.232843
0 0.792279 0.297794 0.200368 0.171569
0 0.947304 0.330882 0.077819 0.113562
0 0.190564 0.486315 0.380515 0.221814
0 0.535233 0.463644 0.310049 0.169118
0 0.778799 0.447100 0.177083 0.120507
0 0.921415 0.438113 0.113664 0.092729
0 0.186121 0.716503 0.371630 0.275327
0 0.525735 0.632353 0.310662 0.214052
0 0.794730 0.729371 0.170956 0.236520
0 0.932292 0.659722 0.108456 0.186275
