0 0.864583 0.213235 0.188317 0.071078
0 0.677492 0.389246 0.324755 0.163297
0 0.429126 0.355699 0.174428 0.113358
0 0.496936 0.237898 0.081291 0.045650
0 0.664420 0.587623 0.295343 0.314951
0 0.655025 0.225797 0.236520 0.064951
0 0.424837 0.242494 0.066176 0.040748
0 0.119281 0.242034 0.139706 0.037990
0 0.288807 0.340380 0.111111 0.088235
0 0.435253 0.510570 0.165441 0.205576
0 0.198325 0.337469 0.076389 0.052390
0 0.301675 0.460784 0.107435 0.162377
0 0.210989 0.429841 0.078023 0.132353
0 0.081087 0.300858 0.046160 0.029412
0 0.087418 0.338235 0.044935 0.032475
0 0.093137 0.375919 0.044935 0.036765
0 0.100490 0.418505 0.044935 0.039828
0 0.107026 0.456648 0.044935 0.044424
0 0.895833 0.792279 0.208333 0.200368
0 0.907884 0.650888 0.184232 0.182904
0 0.913603 0.509957 0.172794 0.155944
0 0.920343 0.388634 0.159314 0.139400
0 0.314338 0.248775 0.044526 0.032475
0 0.364788 0.246170 0.053922 0.034620
0 0.122345 0.278186 0.138480 0.035539
