0 0.364726 0.291827 0.451199 0.081250
0 0.796019 0.298197 0.407962 0.073317
0 0.364512 0.374519 0.443921 0.077885
0 0.793450 0.375361 0.413099 0.079087
0 0.364512 0.453726 0.435360 0.074760
0 0.792166 0.457692 0.415668 0.068750
0 0.366010 0.529327 0.428938 0.075481
0 0.790240 0.538702 0.419521 0.096635
0 0.364940 0.603846 0.424229 0.075962
0 0.788527 0.622716 0.422945 0.073317
0 0.365368 0.678486 0.420805 0.076202
0 0.787029 0.705168 0.425942 0.086298
0 0.363442 0.775120 0.411815 0.096394
0 0.785103 0.783293 0.429795 0.073798
0 0.361515 0.863101 0.405394 0.085817
0 0.784033 0.857332 0.431935 0.083413
