0 0.416871 0.158395 0.441585 0.083946
0 0.420139 0.246324 0.429330 0.088848
0 0.420956 0.346048 0.417892 0.097733
0 0.422386 0.444547 0.403595 0.102941
0 0.424020 0.868260 0.373366 0.096201
0 0.419935 0.537684 0.389706 0.093750
0 0.422386 0.626379 0.389706 0.102635
0 0.420752 0.712623 0.383170 0.091299
0 0.425654 0.791667 0.378268 0.086397
0 0.855188 0.169271 0.289624 0.127145
0 0.850899 0.295803 0.298203 0.113664
0 0.847018 0.409161 0.305147 0.114277
0 0.844363 0.525276 0.311275 0.125919
0 0.841912 0.647978 0.316176 0.118873
0 0.840278 0.751072 0.319444 0.102022
0 0.837214 0.843290 0.325572 0.103860
