0 0.174479 0.048242 0.258333 0.084766
0 0.437240 0.048633 0.266146 0.096484
0 0.714844 0.063086 0.271354 0.087891
0 0.461458 0.415234 0.238542 0.095312
0 0.455990 0.285742 0.251563 0.104297
0 0.450000 0.163281 0.256250 0.089063
0 0.184896 0.147070 0.254167 0.094141
0 0.195052 0.235156 0.256771 0.087500
0 0.203125 0.334570 0.242708 0.084766
0 0.211979 0.435352 0.233333 0.108203
0 0.257812 0.835547 0.220833 0.082031
0 0.907031 0.831250 0.185938 0.067969
0 0.912760 0.762109 0.174479 0.073438
0 0.912500 0.687109 0.175000 0.079687
0 0.920833 0.328320 0.158333 0.060547
0 0.920833 0.265625 0.158333 0.053906
0 0.916406 0.412891 0.167187 0.085938
0 0.916146 0.498828 0.167708 0.089063
