0 0.266391 0.128881 0.383272 0.197304
0 0.577206 0.216912 0.226103 0.176471
0 0.763787 0.258987 0.149510 0.132353
0 0.890472 0.286765 0.106311 0.109477
0 0.904565 0.214257 0.104473 0.083742
0 0.875613 0.380515 0.107843 0.092729
0 0.257966 0.275327 0.371936 0.148693
0 0.749081 0.371528 0.151348 0.109886
0 0.581189 0.359069 0.185049 0.130719
0 0.244179 0.421569 0.355392 0.136438
0 0.248928 0.583538 0.374081 0.146650
0 0.246324 0.801471 0.359681 0.269608
0 0.535999 0.700368 0.219669 0.208742
0 0.547641 0.514502 0.224571 0.165441
0 0.977635 0.223448 0.044730 0.092320
0 0.970435 0.306577 0.059130 0.087010
0 0.964308 0.388685 0.071385 0.078023
0 0.733609 0.512255 0.147978 0.102941
0 0.860294 0.498979 0.106618 0.082108
0 0.952972 0.485090 0.079963 0.079657
0 0.721814 0.648693 0.144608 0.166667
0 0.847120 0.612949 0.103554 0.139297
0 0.941483 0.587827 0.077819 0.121732
