0 0.319649 0.049479 0.638480 0.098346
0 0.323734 0.169424 0.646650 0.153186
0 0.819036 0.060662 0.361928 0.058211
0 0.823121 0.195772 0.353758 0.140319
0 0.321283 0.371936 0.641748 0.085784
0 0.820874 0.346201 0.358252 0.081495
0 0.320261 0.451593 0.639706 0.082108
0 0.819444 0.442096 0.361111 0.092525
0 0.319240 0.540135 0.637663 0.102941
0 0.818627 0.542126 0.362745 0.107537
0 0.318832 0.640931 0.636846 0.102941
0 0.818015 0.662224 0.363971 0.076900
0 0.318627 0.738664 0.636438 0.102328
0 0.817606 0.748928 0.364788 0.097733
0 0.316789 0.845129 0.632761 0.108150
0 0.816993 0.848652 0.366013 0.104779
