0 0.448698 0.055664 0.488021 0.110547
0 0.833073 0.397266 0.333854 0.109375
0 0.439844 0.171094 0.491146 0.142187
0 0.840885 0.187891 0.318229 0.107031
0 0.461458 0.294336 0.477083 0.118359
0 0.854688 0.296094 0.290625 0.100000
0 0.454688 0.416797 0.444792 0.121875
0 0.844010 0.070703 0.311979 0.128906
0 0.451562 0.519141 0.433333 0.133594
0 0.835417 0.492773 0.329167 0.116797
0 0.455990 0.609766 0.434896 0.096875
0 0.834375 0.566406 0.331250 0.088281
0 0.465365 0.707812 0.430729 0.153125
0 0.839844 0.663867 0.320312 0.125391
