0 0.643587 0.137868 0.381127 0.180760
0 0.349469 0.177696 0.211193 0.126838
0 0.635621 0.314032 0.364379 0.084559
0 0.352737 0.304994 0.205474 0.060355
0 0.357435 0.371630 0.202614 0.091912
0 0.359273 0.448223 0.198121 0.106618
0 0.627451 0.657016 0.330882 0.272978
0 0.365809 0.562500 0.192402 0.182598
0 0.162582 0.203585 0.121732 0.065870
0 0.059028 0.212929 0.087827 0.057598
0 0.166667 0.255515 0.121732 0.036765
0 0.065155 0.258885 0.089461 0.031863
0 0.068627 0.303615 0.087418 0.044730
0 0.173611 0.308977 0.127451 0.054841
0 0.180760 0.363511 0.124592 0.068934
0 0.074551 0.351409 0.090278 0.052696
0 0.081087 0.395680 0.091912 0.064032
0 0.186070 0.418811 0.123775 0.075980
0 0.190564 0.474724 0.123775 0.079350
0 0.085989 0.447917 0.090278 0.055760
