0 0.475899 0.128830 0.400327 0.089767
0 0.475899 0.253064 0.375817 0.115196
0 0.474265 0.380668 0.360294 0.152267
0 0.475082 0.508119 0.348856 0.140625
0 0.475899 0.626379 0.339052 0.135723
0 0.473448 0.731771 0.328431 0.138174
0 0.471201 0.847120 0.321487 0.149510
0 0.874183 0.161458 0.251634 0.145221
0 0.867647 0.314338 0.264706 0.140931
0 0.862949 0.450827 0.274101 0.138787
0 0.858864 0.573836 0.282271 0.134804
0 0.854371 0.700521 0.291258 0.144301
0 0.850490 0.813266 0.299020 0.141850
0 0.847426 0.909467 0.305147 0.124081
0 0.072100 0.180913 0.143382 0.116728
0 0.078023 0.307904 0.155229 0.116422
0 0.083538 0.422028 0.166258 0.117341
0 0.089257 0.535999 0.177696 0.122855
0 0.092525 0.642616 0.184232 0.117341
0 0.096201 0.740349 0.191585 0.111826
0 0.100082 0.831495 0.199346 0.112132
