0 0.182445 0.209355 0.303615 0.160539
0 0.190411 0.373979 0.297488 0.157271
0 0.195772 0.512868 0.291054 0.126225
0 0.202206 0.654208 0.283701 0.162990
0 0.209712 0.813930 0.274203 0.163807
0 0.481924 0.213440 0.295956 0.164624
0 0.483303 0.375613 0.289522 0.161356
0 0.480852 0.516953 0.277267 0.118873
0 0.481924 0.655229 0.272059 0.157680
0 0.481005 0.817198 0.267770 0.158088
0 0.779259 0.211193 0.298100 0.168301
0 0.771906 0.374796 0.286458 0.162990
0 0.762561 0.517770 0.286765 0.124592
0 0.759344 0.641544 0.273591 0.115605
0 0.750460 0.795343 0.260723 0.200163
