0 0.330729 0.158292 0.228248 0.088644
0 0.331342 0.250204 0.227635 0.091095
0 0.331801 0.359273 0.226103 0.120507
0 0.328585 0.462010 0.229473 0.106209
0 0.335784 0.562704 0.214461 0.109886
0 0.335325 0.676471 0.215380 0.129902
0 0.335478 0.780637 0.210784 0.103758
0 0.336703 0.872753 0.210172 0.100899
0 0.615196 0.190359 0.215074 0.116013
0 0.612132 0.316585 0.210784 0.126634
0 0.611213 0.439542 0.203431 0.128268
0 0.605086 0.581699 0.205270 0.162582
0 0.601716 0.736928 0.203431 0.169935
0 0.081036 0.150735 0.161458 0.075163
0 0.079350 0.250204 0.158088 0.117239
0 0.081036 0.371936 0.161458 0.129493
0 0.085784 0.494485 0.170956 0.124592
0 0.087163 0.614175 0.173713 0.118873
0 0.088388 0.726920 0.176164 0.123775
0 0.090533 0.843750 0.180453 0.124592
0 0.890012 0.426879 0.219975 0.125000
0 0.887102 0.553105 0.225797 0.132353
0 0.882506 0.688930 0.234988 0.145833
0 0.879136 0.863766 0.241728 0.202206
