0 0.271042 0.420938 0.323750 0.072500
0 0.271667 0.498594 0.320833 0.090313
0 0.270417 0.588125 0.320833 0.091875
0 0.270417 0.676719 0.319167 0.092188
0 0.270417 0.763750 0.316667 0.090000
0 0.269167 0.855625 0.316667 0.103125
0 0.606458 0.414687 0.312917 0.086875
0 0.604167 0.509062 0.311667 0.075625
0 0.603542 0.589375 0.312917 0.090000
0 0.600833 0.676250 0.311667 0.091250
0 0.599792 0.764375 0.311250 0.088750
0 0.598125 0.855938 0.311250 0.099375
0 0.889375 0.416406 0.221250 0.085312
0 0.886875 0.505469 0.226250 0.086563
0 0.886042 0.589844 0.227917 0.089063
0 0.885417 0.677031 0.229167 0.089688
0 0.884583 0.765156 0.230833 0.085938
0 0.883750 0.853906 0.232500 0.097187
