0 0.598652 0.290901 0.390931 0.097120
0 0.599265 0.373162 0.379902 0.072304
0 0.595997 0.474571 0.381536 0.115196
0 0.591708 0.635417 0.383578 0.227941
0 0.228350 0.306373 0.346405 0.062500
0 0.235090 0.366575 0.337827 0.058517
0 0.235907 0.671109 0.330474 0.095895
0 0.242239 0.609222 0.332516 0.049939
0 0.240809 0.565870 0.333742 0.045343
0 0.238358 0.417433 0.331291 0.037684
0 0.241626 0.457108 0.331291 0.038603
0 0.243260 0.490196 0.328023 0.042279
0 0.244077 0.530331 0.327206 0.040441
0 0.891340 0.649203 0.217320 0.232843
0 0.893178 0.476716 0.213644 0.121936
0 0.895629 0.375306 0.208742 0.069240
0 0.896855 0.285386 0.206291 0.093444
