0 0.876042 0.255469 0.221875 0.067969
0 0.527865 0.212891 0.482812 0.102344
0 0.520312 0.307227 0.482292 0.070703
0 0.145052 0.146484 0.289062 0.132031
0 0.142448 0.260742 0.283854 0.116016
0 0.876563 0.326758 0.246875 0.056641
0 0.140625 0.373828 0.280208 0.075000
0 0.513542 0.366406 0.476042 0.089844
0 0.872396 0.386719 0.255208 0.048438
0 0.138802 0.464258 0.276562 0.093359
0 0.509635 0.455664 0.472396 0.081641
0 0.868750 0.442578 0.262500 0.065625
0 0.136979 0.559570 0.272917 0.119922
0 0.500260 0.534180 0.471354 0.117578
0 0.863021 0.506250 0.273958 0.082031
0 0.133594 0.655469 0.266146 0.119531
0 0.858854 0.570117 0.282292 0.080078
0 0.131510 0.745508 0.261979 0.120703
0 0.129167 0.839063 0.257292 0.164844
0 0.853906 0.622266 0.286979 0.096094
0 0.844010 0.692383 0.281771 0.119141
