0 0.352533 0.069547 0.704248 0.137868
0 0.865809 0.085631 0.268382 0.105699
0 0.349673 0.206648 0.698529 0.136336
0 0.861520 0.217678 0.276961 0.116115
0 0.343342 0.338695 0.685866 0.132047
0 0.859273 0.340227 0.281454 0.130821
0 0.341299 0.467984 0.681781 0.132659
0 0.857230 0.470588 0.285539 0.121324
0 0.341708 0.598039 0.682598 0.118260
0 0.855801 0.596048 0.288399 0.105699
0 0.339869 0.712776 0.678922 0.123468
0 0.853145 0.709252 0.293709 0.120098
0 0.341299 0.823529 0.681781 0.123162
0 0.853145 0.821538 0.293709 0.113051
0 0.339257 0.934130 0.677696 0.113971
0 0.851716 0.926317 0.296569 0.100797
