0 0.725521 0.808398 0.547917 0.125391
0 0.723437 0.693555 0.552083 0.133984
0 0.720573 0.571094 0.558854 0.141406
0 0.716667 0.439258 0.566667 0.151172
0 0.711719 0.301758 0.576562 0.158984
0 0.716667 0.158594 0.566667 0.138281
0 0.714844 0.042578 0.570312 0.084375
0 0.215104 0.051367 0.429167 0.101953
0 0.222135 0.825391 0.443229 0.114844
0 0.223698 0.707031 0.446354 0.130469
0 0.221094 0.591992 0.441146 0.124609
0 0.216406 0.458984 0.431771 0.137500
0 0.212500 0.320508 0.423958 0.142578
0 0.218229 0.171094 0.435417 0.144531
