0 0.726027 0.051923 0.547089 0.103365
0 0.224743 0.047115 0.448630 0.093750
0 0.730950 0.223077 0.538099 0.104808
0 0.217466 0.198798 0.434075 0.141827
0 0.728168 0.332692 0.543664 0.099038
0 0.223245 0.325721 0.445634 0.111058
0 0.715753 0.437139 0.568493 0.098317
0 0.213185 0.435577 0.425514 0.101442
0 0.716824 0.536899 0.566353 0.102163
0 0.214683 0.546514 0.428510 0.118510
0 0.720462 0.631731 0.559075 0.098558
0 0.213399 0.653606 0.425942 0.096635
0 0.717680 0.738702 0.564640 0.104327
0 0.214255 0.745553 0.427654 0.094952
0 0.720462 0.835817 0.559075 0.105769
0 0.212757 0.840745 0.424658 0.101202
