0 0.310458 0.854320 0.620098 0.122855
0 0.311479 0.756434 0.622141 0.085784
0 0.316585 0.168658 0.632353 0.108762
0 0.810866 0.659161 0.378268 0.115502
0 0.812296 0.754596 0.375408 0.077819
0 0.809845 0.855699 0.380310 0.123775
0 0.311887 0.662377 0.622958 0.118873
0 0.815972 0.170037 0.368056 0.113358
0 0.315155 0.294577 0.629493 0.135723
0 0.815155 0.306679 0.369690 0.106618
0 0.313521 0.424326 0.626225 0.121936
0 0.814134 0.422335 0.371732 0.123468
0 0.312908 0.547335 0.625000 0.121017
0 0.812092 0.543352 0.375817 0.122243
