0 0.797794 0.080065 0.316176 0.159314
0 0.795343 0.222222 0.305147 0.169935
0 0.792126 0.373366 0.297488 0.157680
0 0.790594 0.525327 0.295650 0.159314
0 0.787531 0.665441 0.294424 0.165850
0 0.780944 0.800654 0.283701 0.173203
0 0.779259 0.921977 0.290748 0.156046
0 0.478401 0.114583 0.234988 0.171977
0 0.484375 0.256944 0.225490 0.150327
0 0.484988 0.397467 0.220588 0.134804
0 0.485600 0.526961 0.219975 0.138072
0 0.489124 0.661356 0.215380 0.161765
0 0.489583 0.793913 0.215074 0.154003
0 0.490962 0.897059 0.212316 0.120915
0 0.218137 0.132966 0.172794 0.135212
0 0.223192 0.250000 0.171262 0.098039
0 0.228401 0.350694 0.170650 0.105801
0 0.234681 0.458742 0.165441 0.094771
0 0.237132 0.545139 0.164828 0.087827
0 0.210784 0.432802 0.070466 0.072304
0 0.242647 0.647263 0.161152 0.123775
0 0.246477 0.748162 0.160233 0.115605
0 0.246017 0.844158 0.165441 0.114788
