0 0.119485 0.139859 0.238154 0.122855
0 0.485703 0.150276 0.375000 0.128983
0 0.878676 0.176777 0.242647 0.092525
0 0.125000 0.277267 0.249183 0.129289
0 0.127042 0.398438 0.253268 0.121630
0 0.130310 0.515319 0.259804 0.117647
0 0.131944 0.628217 0.263072 0.121630
0 0.133374 0.745404 0.265931 0.137255
0 0.137459 0.859681 0.274101 0.125613
0 0.485907 0.263327 0.362337 0.103860
0 0.489583 0.387408 0.357435 0.127757
0 0.490605 0.506127 0.357026 0.114583
0 0.490809 0.619026 0.342729 0.128370
0 0.494077 0.729473 0.343546 0.121936
0 0.506536 0.831342 0.365196 0.125919
0 0.867647 0.792586 0.264706 0.131127
0 0.877042 0.265931 0.245915 0.082721
0 0.873775 0.372702 0.252451 0.108762
0 0.872549 0.479626 0.254902 0.104473
0 0.870711 0.570925 0.258578 0.109375
0 0.869281 0.675245 0.261438 0.117034
