0 0.680990 0.191602 0.321354 0.132422
0 0.261198 0.109180 0.521354 0.200391
0 0.669792 0.279297 0.319792 0.137500
0 0.256771 0.240430 0.512500 0.163672
0 0.658594 0.404297 0.322396 0.057031
0 0.252344 0.389258 0.503646 0.080078
0 0.648698 0.477344 0.318229 0.089063
0 0.247396 0.497266 0.493750 0.093750
0 0.636458 0.576367 0.316667 0.094922
0 0.242708 0.604492 0.484375 0.149609
0 0.626823 0.670117 0.310937 0.105859
0 0.239063 0.724219 0.477083 0.166406
0 0.631510 0.775586 0.314063 0.198828
0 0.240104 0.866016 0.479167 0.267188
