0 0.585172 0.147825 0.575572 0.102635
0 0.586193 0.264553 0.598039 0.119179
0 0.581904 0.373162 0.584559 0.101103
0 0.574551 0.465227 0.581291 0.094669
0 0.571283 0.554075 0.572304 0.087929
0 0.570466 0.635723 0.560866 0.079657
0 0.567198 0.718597 0.553513 0.094669
0 0.563317 0.815717 0.547386 0.102022
0 0.149306 0.132659 0.297794 0.104779
0 0.143791 0.247089 0.286765 0.127145
0 0.144812 0.358150 0.288807 0.109681
0 0.140727 0.457874 0.280637 0.092831
0 0.139706 0.549939 0.278595 0.089461
0 0.146038 0.637102 0.291258 0.067708
0 0.145221 0.719669 0.289624 0.092525
0 0.145221 0.815564 0.289624 0.100490
