0 0.523077 0.264303 0.456410 0.082452
0 0.376496 0.172476 0.752137 0.105048
0 0.879915 0.165385 0.240171 0.112019
0 0.148291 0.275841 0.295726 0.058413
0 0.878846 0.269591 0.242308 0.067067
0 0.522650 0.350841 0.443590 0.063221
0 0.148291 0.340264 0.295726 0.060337
0 0.878846 0.342067 0.242308 0.078846
0 0.148504 0.409375 0.296154 0.051923
0 0.150641 0.469591 0.300427 0.053125
0 0.522436 0.420312 0.449145 0.075721
0 0.878632 0.420553 0.242735 0.072356
0 0.875855 0.502163 0.248291 0.085096
0 0.150641 0.530288 0.300427 0.060096
0 0.524145 0.505529 0.439744 0.082212
0 0.150214 0.590385 0.299573 0.060096
0 0.527564 0.582933 0.450000 0.074038
0 0.878632 0.589183 0.242735 0.065385
0 0.875855 0.666947 0.248291 0.084375
0 0.518590 0.650481 0.440598 0.064904
0 0.151068 0.650841 0.301282 0.062740
0 0.153419 0.724519 0.305983 0.087500
0 0.526068 0.725601 0.445299 0.087740
0 0.875427 0.739183 0.249145 0.064423
0 0.876709 0.819471 0.246581 0.098077
0 0.378632 0.817187 0.756410 0.099279
