0 0.404565 0.206087 0.481311 0.247141
0 0.770833 0.122958 0.240196 0.204248
0 0.943934 0.181168 0.112132 0.143382
0 0.759651 0.261029 0.238664 0.161765
0 0.937806 0.288399 0.124387 0.121732
0 0.931373 0.404412 0.137255 0.115196
0 0.408395 0.434436 0.480392 0.226716
0 0.757506 0.415645 0.219669 0.147467
0 0.740656 0.556781 0.233762 0.179739
0 0.924020 0.516340 0.142157 0.128268
0 0.915441 0.619077 0.141544 0.149101
0 0.910692 0.720180 0.138174 0.167484
0 0.731005 0.819649 0.219975 0.230801
0 0.399969 0.641340 0.456801 0.272876
0 0.928768 0.073121 0.142463 0.145425
0 0.400429 0.083538 0.483456 0.166258
