0 0.731934 0.757378 0.286133 0.092014
0 0.729736 0.655165 0.280273 0.090712
0 0.731567 0.562934 0.282471 0.087674
0 0.534790 0.468316 0.100342 0.074653
0 0.454224 0.560981 0.260498 0.073351
0 0.453857 0.648438 0.258301 0.082465
0 0.451294 0.743707 0.257568 0.085503
0 0.273804 0.461155 0.095947 0.075955
0 0.123169 0.464410 0.095459 0.078125
0 0.378662 0.470269 0.103516 0.079427
0 0.815186 0.468967 0.110840 0.080295
0 0.641479 0.463542 0.102295 0.086806
0 0.197021 0.559896 0.248047 0.078125
0 0.198364 0.643880 0.245850 0.081163
0 0.193726 0.736762 0.246826 0.090712
