0 0.343954 0.178922 0.687092 0.155637
0 0.342729 0.314338 0.684641 0.112132
0 0.843750 0.314032 0.312500 0.113358
0 0.844771 0.195312 0.310458 0.125919
0 0.340278 0.439951 0.679739 0.096814
0 0.841708 0.432138 0.316585 0.114277
0 0.343546 0.547794 0.673203 0.118873
0 0.839461 0.547488 0.321078 0.107843
0 0.339461 0.660080 0.661765 0.114277
0 0.836806 0.660080 0.326389 0.110600
0 0.343750 0.753830 0.656454 0.073223
0 0.837623 0.750613 0.324755 0.081495
0 0.343750 0.853248 0.645016 0.109069
0 0.833742 0.847273 0.332516 0.112439
