0 0.687500 0.059130 0.625000 0.117647
0 0.692402 0.185509 0.614379 0.120404
0 0.694853 0.304075 0.609477 0.138174
0 0.698938 0.425092 0.601307 0.143076
0 0.703840 0.552696 0.592320 0.134804
0 0.707108 0.675705 0.585784 0.119179
0 0.707721 0.791054 0.584559 0.119485
0 0.712827 0.914216 0.574346 0.131127
0 0.187704 0.081495 0.374592 0.077206
0 0.190155 0.187040 0.379493 0.127145
0 0.194036 0.318321 0.387255 0.113358
0 0.199142 0.438113 0.397467 0.120098
0 0.202614 0.563419 0.404412 0.110294
0 0.206495 0.672181 0.412173 0.115196
0 0.207721 0.790748 0.414624 0.132353
0 0.212010 0.915441 0.423203 0.128064
