0 0.558594 0.159766 0.489063 0.132812
0 0.541667 0.291797 0.454167 0.134375
0 0.659896 0.410352 0.680208 0.110547
0 0.663542 0.515430 0.672917 0.105859
0 0.538542 0.613672 0.408333 0.097656
0 0.535417 0.712305 0.394792 0.100391
0 0.535417 0.821094 0.392708 0.122656
0 0.156771 0.165430 0.312500 0.137891
0 0.170573 0.824805 0.340104 0.126172
0 0.169271 0.717969 0.337500 0.109375
0 0.167448 0.621094 0.333854 0.105469
0 0.157552 0.302930 0.314063 0.133984
0 0.160417 0.416797 0.319792 0.119531
0 0.163542 0.525391 0.326042 0.111719
0 0.866406 0.819531 0.267188 0.122656
0 0.866406 0.714063 0.267188 0.111719
0 0.871354 0.618164 0.257292 0.105078
0 0.884375 0.300195 0.231250 0.138672
0 0.901823 0.161133 0.196354 0.135547
