0 0.215839 0.072508 0.258272 0.144199
0 0.220435 0.210580 0.252145 0.131944
0 0.268382 0.250817 0.227328 0.144608
0 0.224571 0.338031 0.248162 0.150735
0 0.231158 0.503676 0.244792 0.184641
0 0.259344 0.501225 0.187194 0.169118
0 0.236520 0.654616 0.238971 0.204657
0 0.240196 0.808415 0.230392 0.250817
0 0.256281 0.921160 0.254596 0.157680
0 0.479013 0.088235 0.121017 0.168301
0 0.479013 0.224060 0.122243 0.098448
0 0.476103 0.329861 0.118260 0.125408
0 0.475184 0.451185 0.117647 0.134395
0 0.497089 0.523693 0.108150 0.128268
0 0.473039 0.576185 0.117034 0.122141
0 0.470435 0.673203 0.113664 0.160948
0 0.469210 0.784926 0.114277 0.185049
0 0.631587 0.150940 0.067096 0.096814
0 0.627604 0.240196 0.066483 0.082516
0 0.622549 0.327206 0.065564 0.098856
0 0.618413 0.424428 0.065257 0.102941
0 0.614890 0.514706 0.064338 0.107026
0 0.612286 0.604575 0.066483 0.113562
0 0.607537 0.697304 0.064338 0.131536
0 0.729320 0.182190 0.035846 0.085784
0 0.724724 0.266748 0.036458 0.075163
0 0.719975 0.345384 0.034314 0.081291
0 0.714920 0.423611 0.034007 0.082516
0 0.257659 0.680147 0.188725 0.182190
0 0.705576 0.580882 0.036152 0.075163
0 0.703278 0.646650 0.037684 0.081699
