0 0.246615 0.061328 0.492188 0.121875
0 0.747917 0.052930 0.502083 0.105078
0 0.250521 0.194141 0.500000 0.153125
0 0.748437 0.187891 0.502083 0.143750
0 0.248698 0.343750 0.496354 0.134375
0 0.748698 0.331836 0.502604 0.141797
0 0.251042 0.472266 0.501042 0.131250
0 0.750521 0.466602 0.497917 0.133984
0 0.253646 0.597461 0.506250 0.125391
0 0.752604 0.597656 0.494792 0.120313
0 0.252865 0.716797 0.504687 0.114844
0 0.754687 0.714453 0.490625 0.117188
0 0.253646 0.826953 0.506250 0.111719
0 0.754948 0.826367 0.490104 0.110547
0 0.254948 0.936719 0.508854 0.117969
0 0.755729 0.940625 0.488542 0.118750
