0 0.867443 0.389093 0.265114 0.125613
0 0.630719 0.376225 0.212418 0.104779
0 0.459150 0.393689 0.082516 0.068015
0 0.762868 0.283241 0.474265 0.063419
0 0.862745 0.497702 0.274510 0.111213
0 0.622958 0.466912 0.209150 0.088235
0 0.857843 0.589308 0.284314 0.130208
0 0.614583 0.540288 0.210376 0.098346
0 0.852328 0.675858 0.295343 0.154412
0 0.608864 0.610907 0.203023 0.112745
0 0.458742 0.454504 0.083333 0.069547
0 0.457516 0.512561 0.074346 0.072304
0 0.079248 0.260570 0.157680 0.056679
0 0.252247 0.274663 0.190768 0.054228
0 0.418709 0.288450 0.145425 0.046262
0 0.417075 0.331801 0.144608 0.039216
