0 0.127042 0.133578 0.253268 0.126838
0 0.130515 0.245404 0.260212 0.099265
0 0.136029 0.356771 0.271242 0.128370
0 0.139910 0.469669 0.276552 0.107230
0 0.117443 0.445006 0.171977 0.078125
0 0.151757 0.570619 0.261846 0.103248
0 0.161152 0.666360 0.255310 0.101716
0 0.546773 0.119026 0.345997 0.116728
0 0.545343 0.228094 0.339052 0.105086
0 0.546977 0.330423 0.325163 0.102022
0 0.543301 0.434589 0.319444 0.113051
0 0.545752 0.540748 0.308007 0.112132
0 0.544322 0.649663 0.305147 0.127145
0 0.545752 0.747855 0.303105 0.097426
0 0.897672 0.118566 0.204657 0.092525
0 0.893995 0.221814 0.212010 0.091912
0 0.891748 0.314491 0.216503 0.097733
0 0.888685 0.413143 0.222631 0.100184
0 0.886029 0.509957 0.227941 0.098958
0 0.883987 0.603094 0.232026 0.098346
0 0.881944 0.693015 0.236111 0.099265
